Webots Project File version R2022a
perspectives: 000000ff00000000fd000000030000000000000320000003d0fc0100000001fb0000001e00480074006d006c0052006f0062006f007400570069006e0064006f0077000000000000000320000000000000000000000001000002bf00000395fc0200000001fb0000001400540065007800740045006400690074006f00720100000015000003950000008700ffffff000000030000078000000039fc0100000001fb0000001a0043006f006e0073006f006c00650041006c006c0041006c006c0100000000000007800000006900ffffff000004bf0000039500000001000000020000000100000008fc00000000
simulationViewPerspectives: 000000ff000000010000000200000118000007a10100000002010000000100
sceneTreePerspectives: 000000ff0000000100000002000003aa000000fc0100000002010000000200
maximizedDockId: -1
centralWidgetVisible: 1
projectionMode: PERSPECTIVE
orthographicViewHeight: 12.8491
textFiles: 1 "controllers/Lab22Controller/Lab22Controller.java" "controllers/Lab22Controller/Lidar.java"
consoles: Console:All:All
renderingDevicePerspectives: Pioneer 3-DX:display;1;1.436;0.114684;0.0804196
