Webots Project File version R2022a
perspectives: 000000ff00000000fd000000020000000100000281000003d0fc0200000001fb0000001400540065007800740045006400690074006f00720100000015000003d00000008700ffffff0000000300000780000000d8fc0100000001fb0000001a0043006f006e0073006f006c00650041006c006c0041006c006c0100000000000007800000000000000000000004fd000003d000000001000000020000000100000008fc00000000
simulationViewPerspectives: 000000ff000000010000000200000118000004f40100000002010000000100
sceneTreePerspectives: 000000ff0000000100000002000000c0000000fc0100000002010000000200
minimizedPerspectives: 000000ff00000000fd000000020000000100000281000003d0fc0200000001fb0000001400540065007800740045006400690074006f00720100000015000003d00000008700ffffff0000000300000780000000d8fc0100000001fb0000001a0043006f006e0073006f006c00650041006c006c0041006c006c0100000000000007800000000000000000000004fd000003d000000001000000020000000100000008fc00000000
maximizedDockId: -1
centralWidgetVisible: 1
orthographicViewHeight: 1
textFiles: 0 "controllers/Lab8Controller/Lab8Controller.java" "controllers/Lab8Controller/Trace.java" "controllers/Lab8Controller/TrackerApp.java"
renderingDevicePerspectives: e-puck:camera;0;1;0;0
renderingDevicePerspectives: e-puck:display;1;3.075;0.190739;0.162934
renderingDevicePerspectives: mirror:camera;0;1;0.0880452;0.113089
renderingDevicePerspectives: mirror:display;0;1;0.202746;0.153927
